-0.05 -0.6 -0.6 2 1 0
-0.0328699 -0.563857 -0.563857 1 1 0
-0.0241145 -0.545876 -0.545876 1 1 0
-0.0154064 -0.527871 -0.527871 1 1 0
-0.00675747 -0.509838 -0.509838 1 1 0
0.0018173 -0.491769 -0.491769 1 1 0
0.010299 -0.473656 -0.473656 1 1 0
0.0186636 -0.45549 -0.45549 1 1 0
0.0268809 -0.437256 -0.437256 1 1 0
0.0349123 -0.418941 -0.418941 1 1 0
0.0427082 -0.400524 -0.400524 1 1 0
0.0502051 -0.381985 -0.381985 1 1 0
0.0573204 -0.363297 -0.363297 1 1 0
0.063947 -0.344433 -0.344433 1 1 0
0.0699454 -0.325365 -0.325365 1 1 0
0.0751341 -0.306069 -0.306069 1 1 0
0.0792803 -0.286536 -0.286536 1 1 0
0.0820954 -0.266792 -0.266792 1 1 0
0.0832463 -0.246923 -0.246923 1 1 0
0.0832566 -0.244915 -0.244915 2 1 0
0.0821932 -0.225119 -0.225119 2 1 0
0.0788775 -0.205687 -0.205687 2 1 0
0.0732929 -0.186949 -0.186949 2 1 0
0.0656708 -0.169171 -0.169171 2 1 0
0.0564247 -0.152477 -0.152477 2 1 0
0.0460394 -0.136845 -0.136845 2 1 0
0.0349931 -0.122153 -0.122153 2 1 0
0.0237368 -0.108241 -0.108241 2 1 0
0.0127135 -0.094948 -0.094948 2 1 0
0.0023931 -0.0821378 -0.0821378 2 1 0
-0.00669334 -0.0697227 -0.0697227 2 1 0
-0.013948 -0.0576888 -0.0576888 2 1 0
-0.018768 -0.0461144 -0.0461144 2 1 0
-0.0206996 -0.0351536 -0.0351536 2 1 0
-0.0207271 -0.0336975 -0.0336975 2 1 0
-0.0192236 -0.0236298 -0.0236298 2 1 0
-0.0149512 -0.0144343 -0.0144343 2 1 0
-0.00834542 -0.00609257 -0.00609257 2 1 0
0.000133163 0.001477 0.001477 2 1 0
0.0100857 0.00837818 0.00837818 2 1 0
0.0211974 0.0147128 0.0147128 2 1 0
0.0332291 0.0205702 0.0205702 2 1 0
0.0460006 0.0260251 0.0260251 2 1 0
0.0593761 0.0311387 0.0311387 2 1 0
0.0732519 0.035961 0.035961 2 1 0
0.0875479 0.0405329 0.0405329 2 1 0
0.102201 0.0448878 0.0448878 2 1 0
0.117162 0.0490536 0.0490536 2 1 0
0.13239 0.0530536 0.0530536 2 1 0
0.147854 0.0569071 0.0569071 2 1 0
0.163525 0.0606309 0.0606309 2 1 0
0.179382 0.064239 0.064239 2 1 0
0.195406 0.0677437 0.0677437 2 1 0
0.203845 0.0695348 0.0695348 2 1 0
0.220075 0.0729021 0.0729021 1 1 0
0.236455 0.0761901 0.0761901 1 1 0
0.252955 0.0794067 0.0794067 1 1 0
0.269566 0.0825586 0.0825586 1 1 0
0.286281 0.085652 0.085652 1 1 0
0.303092 0.0886921 0.0886921 1 1 0
0.319992 0.0916839 0.0916839 1 1 0
0.336977 0.0946318 0.0946318 1 1 0
0.35404 0.0975398 0.0975398 1 1 0
0.371178 0.100412 0.100412 1 1 0
0.388387 0.103251 0.103251 1 1 0
0.405664 0.10606 0.10606 1 1 0
0.423004 0.108843 0.108843 1 1 0
0.440405 0.111602 0.111602 1 1 0
0.457865 0.114339 0.114339 1 1 0
0.475382 0.117057 0.117057 1 1 0
0.492952 0.119758 0.119758 1 1 0
0.510574 0.122444 0.122444 1 1 0
0.203827 0.0695348 0.0695348 4 4 0
0.205326 0.09112 0.0479256 4 4 0
0.209482 0.11237 0.0266191 4 4 0
0.215046 0.132657 0.00618338 4 4 0
0.220949 0.152219 -0.0135775 4 4 0
0.226491 0.170672 -0.0328835 4 4 0
0.231302 0.188562 -0.051827 4 4 0
0.235251 0.205149 -0.0709981 4 4 0
0.238322 0.22079 -0.0903153 4 4 0
0.24051 0.235165 -0.110127 4 4 0
0.241749 0.248464 -0.130816 4 4 0
0.241962 0.25546 -0.143212 4 4 0
0.241239 0.265778 -0.164988 3 4 0
0.238774 0.274108 -0.187161 3 4 0
0.234299 0.280532 -0.208206 3 4 0
0.227977 0.2847 -0.22729 3 4 0
0.220299 0.287515 -0.244087 3 4 0
0.211768 0.288889 -0.258751 3 4 0
0.202758 0.288364 -0.271994 3 4 0
0.193533 0.288812 -0.284586 3 4 0
0.184279 0.288526 -0.295453 3 4 0
0.175134 0.28626 -0.305911 3 4 0
0.166209 0.285606 -0.315474 3 4 0
0.157595 0.28401 -0.324515 3 4 0
0.149369 0.281679 -0.332787 3 4 0
0.141595 0.279564 -0.340285 3 4 0
0.134327 0.276062 -0.347364 3 4 0
0.127605 0.274636 -0.353785 3 4 0
0.121456 0.270871 -0.359901 3 4 0
0.115893 0.269483 -0.365128 3 4 0
0.110915 0.26609 -0.369401 3 4 0
0.10651 0.264461 -0.374057 3 4 0
0.102651 0.262845 -0.377844 3 4 0
0.0993036 0.260847 -0.380913 3 4 0
0.0964275 0.257256 -0.383162 3 4 0
0.0939775 0.2579 -0.385919 3 4 0
0.0919087 0.256335 -0.388175 3 4 0
0.0901764 0.254536 -0.389844 3 4 0
0.0887377 0.254893 -0.39118 3 4 0
0.0875529 0.252457 -0.392173 3 4 0
0.0865852 0.253166 -0.392739 3 4 0
0.0858017 0.249112 -0.39362 3 4 0
0.0851734 0.24934 -0.394348 3 4 0
0.0846765 0.252221 -0.395181 3 4 0
0.0842868 0.245038 -0.395424 3 4 0
0.0839864 0.250773 -0.394638 3 4 0
0.0837579 0.248061 -0.395868 3 4 0
0.0835884 0.251764 -0.395637 3 4 0
0.0834659 0.249591 -0.396344 3 4 0
0.0833808 0.245418 -0.39694 3 4 0
0.0833215 0.24834 -0.398737 4 4 0
0.0832847 0.24838 -0.396138 4 4 0
0.0832653 0.255081 -0.399634 3 4 0
0.0832634 0.241423 -0.400215 4 4 0
0.0832604 0.249694 -0.397308 4 4 0
0.083259 0.249434 -0.395237 3 4 0
0.0832584 0.241656 -0.396415 3 4 0
0.0832575 0.247543 -0.396137 4 4 0
0.0832572 0.242596 -0.396569 4 4 0
0.0832569 0.236068 -0.424048 3 4 0
0.0832569 0.255212 -0.438552 3 4 0
